[header]
width=12
height=12
tilewidth=32
tileheight=32

[tilesets]
tileset=NetBeansProjects/BigGameProject/Graphix/celianna/b.png,32,32,0,0
tileset=NetBeansProjects/BigGameProject/Graphix/celianna/c.png,32,32,0,0

[layer]
type=background
data=
2,2,2,2,2,2,2,2,2,2,2,2,
2,2,2,2,2,2,2,2,2,2,2,2,
2,2,2,2,2,2,2,2,2,2,2,2,
2,2,2,2,2,2,2,2,2,2,2,2,
2,2,2,2,2,2,2,2,2,2,2,2,
2,2,2,2,2,2,2,2,2,2,2,2,
2,2,2,2,2,2,2,2,2,2,2,2,
2,2,2,2,2,2,2,2,2,2,2,2,
2,2,2,2,2,2,2,2,2,2,2,2,
2,2,2,2,2,2,2,2,2,2,2,2,
2,2,2,2,2,2,2,2,2,2,2,2,
2,2,2,2,2,2,2,2,2,2,2,2

[layer]
type=object
data=
2,0,319,0,0,276,0,0,358,0,0,0,
2,0,319,0,276,0,0,358,0,0,0,0,
2,0,319,276,0,0,358,0,0,0,0,0,
319,319,319,0,0,358,0,0,0,0,0,0,
2,276,0,0,358,0,0,0,0,0,0,0,
276,0,0,358,2,2,2,0,0,0,0,0,
2,2,358,0,2,0,0,0,0,0,0,0,
0,358,0,0,0,0,0,0,0,0,0,0,
358,0,0,0,0,0,0,0,0,0,0,0,
0,0,0,0,0,0,0,0,0,0,0,0,
0,0,0,0,0,0,0,0,0,0,0,0,
0,0,0,0,0,0,0,0,0,0,0,0

[layer]
type=collision
data=
0,0,319,0,0,0,0,0,0,0,0,0,
0,0,319,0,0,0,0,0,0,0,0,0,
0,0,319,0,0,0,0,0,0,0,0,0,
0,0,319,0,0,0,0,0,0,0,0,0,
0,0,0,0,0,0,0,0,0,0,0,0,
0,0,0,0,0,0,0,0,0,0,0,0,
0,0,0,0,0,0,0,0,0,0,0,0,
0,0,0,0,0,0,0,0,0,0,0,0,
0,0,0,0,0,0,0,0,0,0,0,0,
0,0,0,0,0,0,0,0,0,0,0,0,
0,0,0,0,0,0,0,0,0,0,0,0,
0,0,0,0,0,0,0,0,0,0,0,0

